{
 "cells": [
  {
   "cell_type": "markdown",
   "metadata": {},
   "source": [
    "# Traveling Salesman problem\n",
    "Given a list of cities and the distances between each pair of cities, what is the shortest possible route that visits each city exactly once and returns to the origin city?"
   ]
  },
  {
   "cell_type": "markdown",
   "metadata": {},
   "source": [
    "## Input data"
   ]
  },
  {
   "cell_type": "code",
   "execution_count": 7,
   "metadata": {},
   "outputs": [],
   "source": [
    "import numpy as np # for fast arithmetics\n",
    "import matplotlib.pyplot as plt"
   ]
  },
  {
   "cell_type": "code",
   "execution_count": 8,
   "metadata": {},
   "outputs": [
    {
     "name": "stdout",
     "output_type": "stream",
     "text": [
      "Number of cities:  22\n",
      "Possible ways:  51090942171709440000\n",
      "['Винница', 'Днепр', 'Житомир', 'Запорожье', 'Ивано-Франковск', 'Киев', 'Кропивницкий', 'Луцк', 'Львов', 'Николаев', 'Одесса', 'Полтава', 'Ровно', 'Сумы', 'Тернополь', 'Ужгород', 'Харьков', 'Херсон', 'Хмельницкий', 'Черкассы', 'Чернигов', 'Черновцы']\n"
     ]
    }
   ],
   "source": [
    "# City names alphabetically\n",
    "cityNames = ['Винница','Днепр','Житомир','Запорожье','Ивано-Франковск','Киев','Кропивницкий','Луцк','Львов','Николаев','Одесса','Полтава','Ровно','Сумы','Тернополь','Ужгород','Харьков','Херсон','Хмельницкий','Черкассы','Чернигов','Черновцы']\n",
    "# Geographical coordinates in degrees (for visualization)\n",
    "latitude = np.array([49.2347128, 48.4622135, 50.2678654, 47.8561438, 48.9117518, 50.401699, 48.5187443, 50.73977, 49.8326679, 46.9329791,46.4598865,49.6021346,50.6199879,50.9077873,49.5483334,48.6208922,49.9934789,46.6353956,49.4229619,49.4444119,51.4981791,48.2920574])\n",
    "longitude = np.array([28.3995942, 34.8602731, 28.6036778, 35.0352701, 24.6470892, 30.2525101, 32.1456232, 25.2639651, 23.9421958, 31.8679134, 30.5717031,34.4871983,26.1815768,34.7280598,25.5276293,22.2178427,36.1603433,32.5468272,26.9170934,31.9897273,31.2193102,25.8657969])\n",
    "# https://distancecalculator.globefeed.com/Ukraine_Distance_Calculator.asp\n",
    "import math # factorial\n",
    "N = len(cityNames); print(\"Number of cities: \",N)\n",
    "print(\"Possible ways: \",math.factorial(N-1))\n",
    "print(cityNames)"
   ]
  },
  {
   "cell_type": "code",
   "execution_count": 9,
   "metadata": {},
   "outputs": [],
   "source": [
    "# Distance matrix using maps.google.com, by car.\n",
    "d = np.array([\n",
    "    [  0, 588, 128, 651, 368, 268, 322, 389, 364, 431, 426, 595, 277, 603, 236, 585, 707, 497, 120, 335, 411, 288],\n",
    "    [588,   0, 596,85.4, 962, 480, 247, 875, 957, 322, 454, 164, 805, 358, 829,1180, 217, 329, 714, 286, 542, 844],\n",
    "    [128, 596,   0, 690, 413, 140, 392, 261, 402, 507, 501, 480, 188, 475, 280, 657, 617, 573, 183, 308, 283, 371],\n",
    "    [651,85.4, 690,   0,1026, 538, 310, 952,1021, 376, 508, 264, 860, 437, 893,1243, 297, 314, 778, 350, 620, 908],\n",
    "    [368, 962, 413,1026,   0, 560, 694, 263, 132, 780, 798, 931, 275, 895, 130, 293,1082, 869, 235, 696, 746, 135],\n",
    "    [268, 480, 140, 538, 560,   0, 303, 400, 541, 481, 475, 344, 327, 369, 420, 796, 456, 547, 323, 192, 142, 531],\n",
    "    [322, 247, 392, 310, 694, 303,   0, 670, 693, 182, 309, 246, 598, 426, 564, 915, 386, 243, 449, 129, 428, 579],\n",
    "    [389, 875, 261, 952, 263, 400, 670,   0, 180, 779, 774, 740,72.6, 734, 167, 426, 877, 845, 257, 587, 543, 336],\n",
    "    [364, 957, 402,1021, 132, 541, 693, 180,   0, 802, 797, 879, 211, 874, 134, 268,1018, 867, 241, 727, 683, 276],\n",
    "    [431, 322, 507, 376, 780, 481, 182, 779, 802,   0, 132, 428, 706, 606, 673,1024, 542,70.1, 558, 311, 610, 688],\n",
    "    [426, 454, 501, 508, 798, 475, 309, 774, 797, 132,   0, 560, 702, 770, 624,1020, 674, 201, 553, 417, 611, 683],\n",
    "    [595, 164, 480, 264, 931, 344, 246, 740, 879, 428, 560,   0, 668, 177, 760,1128, 143, 491, 664, 243, 405, 827],\n",
    "    [277, 805, 188, 860, 275, 327, 598,72.6, 211, 706, 702, 668,   0, 663, 159, 467, 804, 774, 195, 516, 471, 328],\n",
    "    [603, 358, 475, 437, 895, 369, 426, 734, 874, 606, 770, 177, 663,   0, 783,1152, 187, 668, 656, 325, 297, 895],\n",
    "    [236, 829, 280, 893, 130, 420, 564, 167, 134, 673, 624, 760, 159, 783,   0, 352, 897, 739, 111, 561, 562, 171],\n",
    "    [585,1180, 657,1243, 293, 796, 915, 426, 268,1024,1020,1128, 467,1152, 352,   0,1265,1090, 462, 935, 931, 407],\n",
    "    [707, 217, 617, 297,1082, 456, 386, 877,1018, 542, 674, 143, 804, 187, 897,1265,   0, 547, 800, 381, 508, 964],\n",
    "    [497, 329, 573, 314, 869, 547, 243, 845, 867,70.1, 201, 491, 774, 668, 739,1090, 547,   0, 624, 373, 672, 754],\n",
    "    [120, 714, 183, 778, 235, 323, 449, 257, 241, 558, 553, 664, 195, 656, 111, 462, 800, 624,   0, 447, 467, 189],\n",
    "    [335, 286, 308, 350, 696, 192, 129, 587, 727, 311, 417, 243, 516, 325, 561, 935, 381, 373, 447,   0, 297, 600],\n",
    "    [411, 542, 283, 620, 746, 142, 428, 543, 683, 610, 611, 405, 471, 297, 562, 931, 508, 672, 467, 297,   0, 672],\n",
    "    [288, 844, 371, 908, 135, 531, 579, 336, 276, 688, 683, 827, 328, 895, 171, 407, 964, 754, 189, 600, 672,   0]])\n",
    "\n",
    "# Time by car\n",
    "t = np.array([\n",
    "    [  0, 484,  99, 521, 336, 236, 266, 311, 323, 357, 298, 434, 238, 493, 181, 520, 565, 401, 118, 292, 326, 268],\n",
    "    [484,   0, 474,  82, 866, 407, 234, 706, 765, 274, 398, 175, 613, 322, 688, 980, 165, 292, 589, 288, 436, 722],\n",
    "    [ 99, 474,   0, 582, 396, 101, 352, 204, 304, 419, 367, 337, 130, 384, 248, 497, 458, 476, 176, 253, 221, 340],\n",
    "    [521,  82, 582,   0, 898, 483, 271, 784, 826, 305, 431, 244, 675, 377, 723,1016, 240, 280, 629, 331, 498, 765],\n",
    "    [336, 866, 396, 898,   0, 482, 623, 259, 124, 692, 634, 714, 245, 774, 151, 257, 807, 725, 228, 617, 594, 124],\n",
    "    [236, 407, 101, 483, 482,   0, 263, 309, 383, 377, 319, 240, 222, 279, 356, 595, 347, 423, 263, 153, 119, 429],\n",
    "    [266, 234, 352, 271, 623, 263,   0, 589, 581, 141, 263, 236, 473, 401, 472, 773, 340, 207, 390, 114, 345, 520],\n",
    "    [311, 706, 204, 784, 259, 309, 589,   0, 166, 632, 575, 553,  64, 597, 155, 370, 649, 662, 229, 450, 421, 298],\n",
    "    [323, 765, 304, 826, 124, 383, 581, 166,   0, 663, 602, 633, 164, 692, 124, 240, 731, 690, 193, 548, 518, 250],\n",
    "    [357, 274, 419, 305, 692, 377, 141, 632, 663,   0, 124, 383, 540, 543, 541, 884, 432,  67, 450, 255, 492, 588],\n",
    "    [298, 398, 367, 431, 634, 319, 263, 575, 602, 124,   0, 488, 499, 593, 491, 831, 556, 177, 405, 333, 438, 537],\n",
    "    [434, 175, 337, 244, 714, 240, 236, 553, 633, 383, 488,   0, 483, 202, 606, 846, 124, 409, 516, 214, 301, 687],\n",
    "    [238, 613, 130, 675, 245, 222, 473,  64, 164, 540, 499, 483,   0, 534, 142, 381, 568, 592, 181, 379, 351, 287],\n",
    "    [493, 322, 384, 377, 774, 279, 401, 597, 692, 543, 593, 202, 534,   0, 657, 884, 182, 574, 559, 283, 260, 731],\n",
    "    [181, 688, 248, 723, 151, 356, 472, 155, 124, 541, 491, 606, 142, 657,   0, 325, 694, 589,  91, 484, 479, 153],\n",
    "    [520, 980, 497,1016, 257, 595, 773, 370, 240, 884, 831, 846, 381, 884, 325,   0, 950, 888, 409, 753, 720, 373],\n",
    "    [565, 165, 458, 240, 807, 347, 340, 649, 731, 432, 556, 124, 568, 182, 694, 950,   0, 444, 633, 323, 413, 800],\n",
    "    [401, 292, 476, 280, 725, 423, 207, 662, 690,  67, 177, 409, 592, 574, 589, 888, 444,   0, 502, 299, 537, 635],\n",
    "    [118, 589, 176, 629, 228, 263, 390, 229, 193, 450, 405, 516, 181, 559,  91, 409, 633, 502,   0, 413, 397, 172],\n",
    "    [292, 288, 253, 331, 617, 153, 114, 450, 548, 255, 333, 214, 379, 283, 484, 753, 323, 299, 413,   0, 227, 534],\n",
    "    [326, 436, 221, 498, 594, 119, 345, 421, 518, 492, 438, 301, 351, 260, 479, 720, 413, 537, 397, 227,   0, 564],\n",
    "    [268, 722, 340, 765, 124, 429, 520, 298, 250, 588, 537, 687, 287, 731, 153, 373, 800, 635, 172, 534, 564,   0]])"
   ]
  },
  {
   "cell_type": "markdown",
   "metadata": {},
   "source": [
    "## Approach\n",
    "1) The initial arrangement of <i>N</i> cities is arbitrary. The last item in the list is the same as the 1st element.<br>\n",
    "2) Starting with the 1st city in the above list and working your way up the list, try swapping pairs of neighboring cities. The permutation is accepted every time it gives a shorter distance.<br>\n",
    "3) Repeat Step 2 until no decrease in distance can be achieved.<br>\n",
    "4) Repeat Steps 2-3 for increasing number <i>n</i> of neighboring cities (3, 4, ..., <i>N</i>-1). Check only <i>n</i>-1 cyclic permutations.<br>\n",
    "5) All other rearrangements of <i>n</i> cities are addressed by rearranging from <i>n</i>-1 down to 2 cities, Steps 2-3.<br>"
   ]
  },
  {
   "cell_type": "code",
   "execution_count": 15,
   "metadata": {},
   "outputs": [],
   "source": [
    "def PR():\n",
    "    \"\"\"Print currently shortest distance - d, route (city numbers) - r.\"\"\"\n",
    "    global r,d_min\n",
    "    print(\"d =\",d_min,\"; r =\",r)\n",
    "def init():\n",
    "    \"\"\"Initialize list of cities and distance: r, d_min.\"\"\"\n",
    "    global d_min,r,dm\n",
    "    d_min=0 # current minimal distance\n",
    "    r=[0] # r - current shortest route: a list of city numbers along the currently shortest route\n",
    "    for i in range(1,N):\n",
    "        d_min += d[i-1][i]\n",
    "        r.append(i)\n",
    "    d_min += d[0][N-1]\n",
    "    dm = [d_min]\n",
    "    r.append(0) # The last item in the list is the same as the 1st element\n",
    "    PR()\n",
    "def init_prev():\n",
    "    \"\"\"Initialize list of cities from previous result r_prev, d_min.\"\"\"\n",
    "    global d_min,r,dm,r_prev\n",
    "    d_min=0 # current minimal distance\n",
    "    # r - current shortest route: a list of city numbers along the currently shortest route, Distance = 3986.1\n",
    "    #d = 22195990;\n",
    "    #r = [0, 17, 23, 41, 2, 35, 42, 30, 5, 49, 11, 43, 1, 27, 3, 4, 36, 46, 25, 33, 40, 26, 22, 48, 14, 15, 24, 12, 13, 16, 34, 21, 47, 45, 8, 19, 7, 37, 31, 6, 38, 20, 18, 28, 44, 29, 32, 39, 10, 9, 0]\n",
    "    r = r_prev\n",
    "    for i in range(1,N):\n",
    "        d_min += d[r[i-1]][r[i]]\n",
    "    d_min += d[0][r[N-1]]\n",
    "    dm = [d_min]\n",
    "    PR()\n",
    "\n",
    "def optcities(n):\n",
    "    \"\"\"Optimize the route by cyclic rearrangements of n adjacent cities.\"\"\"\n",
    "    #print(\"Rearrange \",n,\" cities:\")\n",
    "    global d_min,r,dm\n",
    "    d_old = d_min+1 # keep track if distance has decreased\n",
    "    while d_min < d_old:\n",
    "        d_old = d_min # current minimal distance\n",
    "        for i in range(N-n): # for all possible starting positions of the city preceding the 1st of the cycled n cities\n",
    "            # Old distance:\n",
    "            SC = r[i]; # preceding city, fixed\n",
    "            C = np.zeros(n,dtype='int'); # cycled cities: list of n cycled cities\n",
    "            for j in range(n):\n",
    "                C[j] = r[i+1+j]; # jth cycled city\n",
    "            FC = r[i+n+1]; # final city, fixed\n",
    "            l1 = d[SC][C[0]] # l1 - original distance of the route starting at SC ...\n",
    "            for j in range(n-1):\n",
    "                l1 += d[C[j]][C[j+1]] # ... and passing through the n cities ...\n",
    "            l1 += d[C[n-1]][FC]; # ... and the next final city\n",
    "            for k in range(1,n):\n",
    "                D=np.roll(C, -k); # cycling n cities k times\n",
    "                # New distance:\n",
    "                l2 = d[SC][D[0]] # l2 - distance of the above route after cycling: starting at SC ...\n",
    "                for j in range(n-1):\n",
    "                    l2 += d[D[j]][D[j+1]] # ... and passing through the n cycled cities ...\n",
    "                l2 += d[D[n-1]][FC]; # ... and the next final city\n",
    "                # If the cycled arrangement offers a shorter distance:\n",
    "                if l2 < l1:\n",
    "                    print(C,'->',D) # print the successfull cycling\n",
    "                    for j in range(n):\n",
    "                        r[i+1+j] = D[j]; # apply successfull cycling C -> D\n",
    "                    d_min -= l1-l2 # update the minimal distance\n",
    "                    dm.append(d_min) #history of distances after each swapping for plotting\n",
    "                    l1 = l2 # update the distance of (SC - n cycled cities - FC)\n",
    "                    C = D; # update the list of n cycled cities\n",
    "        \n",
    "        if d_min < d_old: PR() # print results if the distance has shortened\n",
    "        if n>2: optcities(n-1) # All other rearrangements of n cities are addressed by rearranging from n-1 down to 2 cities\n",
    "\n",
    "def nn(): # determine nearest-neighbor route\n",
    "    global d, d_nn, r_nn # distance and route\n",
    "    r_nn=[0] # current part of nearest-neighbor route: a list of city numbers along it\n",
    "    nnc=[cityNames[0]] # current list of nearest-neighbor cities\n",
    "    d_nn=0 # current distance\n",
    "    for i in range(N-1):\n",
    "        dmin = 1e15\n",
    "        from_city = r_nn[i]\n",
    "        for j in range(1,N):\n",
    "            if (j not in r_nn) and d[from_city][j] < dmin:\n",
    "                closest_index = j\n",
    "                dmin = d[from_city][j]\n",
    "        r_nn.append(closest_index)\n",
    "        nnc.append(cityNames[closest_index])\n",
    "        d_nn += d[from_city][closest_index]\n",
    "    r_nn.append(0)\n",
    "    nnc.append(cityNames[0])\n",
    "    d_nn += d[closest_index][0]\n",
    "    print(\"r_nn =\",r_nn)\n",
    "    #print(nnc)\n",
    "    print(\"d_nn =\",d_nn)\n",
    "\n",
    "def swap2first():\n",
    "    #print(\"Swap 2 cities, apply the first working result\")\n",
    "    global d_min,r, i_opt,j_opt,dc_min\n",
    "    for i in range(1,N-1):\n",
    "        dc_out1 = -d[r[i-1]][r[i]] - d[r[i]][r[i+1]] # r[i] is taken out\n",
    "        for j in range(i+1,N):\n",
    "            if i+2 <= j:\n",
    "                dc_out2 = -d[r[j-1]][r[j]] - d[r[j]][r[j+1]] # r[j] is taken out\n",
    "                dc_in1 = d[r[j-1]][r[i]] + d[r[i]][r[j+1]] # r[i] is put in j\n",
    "                dc_in2 = d[r[i-1]][r[j]] + d[r[j]][r[i+1]] # r[j] is put in i\n",
    "                dc = dc_out1+dc_out2+dc_in1+dc_in2\n",
    "            elif j == i+1:\n",
    "                dc_out2 = -d[r[j]][r[j+1]] # r[j] is taken out\n",
    "                dc_in = d[r[i-1]][r[j]] + d[r[j]][r[i]] + d[r[i]][r[j+1]] # r[j] is put in i, r[i] is put in j\n",
    "                dc = dc_out1+dc_out2+dc_in\n",
    "            if dc < 0:\n",
    "                d_min = d_min + dc; i_opt=i; j_opt=j;\n",
    "                tmp = r[i]; r[i] = r[j]; r[j] = tmp;\n",
    "                print(str(r[i])+\"<->\"+str(r[j])+\"; dc=\"+str(dc)+\"; d = \"+str(d_min))\n",
    "                dc_min=dc\n",
    "                return True\n",
    "    return False\n",
    "def swap2best():\n",
    "    #print(\"Swap 2 cities, apply only the best result\")\n",
    "    global d_min,r, i_opt,j_opt,dc_min\n",
    "    dc_min=0 # change in distance\n",
    "    for i in range(1,N-1):\n",
    "        dc_out1 = -d[r[i-1]][r[i]] - d[r[i]][r[i+1]] # r[i] is taken out\n",
    "        for j in range(i+1,N):\n",
    "            if (j <= i-2) or (i+2 <= j):\n",
    "                dc_out2 = -d[r[j-1]][r[j]] - d[r[j]][r[j+1]] # r[j] is taken out\n",
    "                dc_in1 = d[r[j-1]][r[i]] + d[r[i]][r[j+1]] # r[i] is put in j\n",
    "                dc_in2 = d[r[i-1]][r[j]] + d[r[j]][r[i+1]] # r[j] is put in i\n",
    "                dc = dc_out1+dc_out2+dc_in1+dc_in2\n",
    "                if dc < dc_min:\n",
    "                    dc_min = dc; i_opt=i; j_opt=j;\n",
    "            elif j == i-1:\n",
    "                dc_out2 = -d[r[j-1]][r[j]] # r[j] is taken out\n",
    "                dc_in = d[r[j-1]][r[i]] + d[r[i]][r[j]] + d[r[j]][r[i+1]] # r[i] is put in j, r[j] is put in i\n",
    "                dc = dc_out1+dc_out2+dc_in\n",
    "                if dc < dc_min:\n",
    "                    dc_min = dc; i_opt=i; j_opt=j;\n",
    "            elif j == i+1:\n",
    "                dc_out2 = -d[r[j]][r[j+1]] # r[j] is taken out\n",
    "                dc_in = d[r[i-1]][r[j]] + d[r[j]][r[i]] + d[r[i]][r[j+1]] # r[j] is put in i, r[i] is put in j\n",
    "                dc = dc_out1+dc_out2+dc_in\n",
    "                if dc < dc_min:\n",
    "                    dc_min = dc; i_opt=i; j_opt=j;\n",
    "    if dc_min<0:\n",
    "        print(str(r[i_opt])+\"<->\"+str(r[j_opt])+\"; dc=\"+str(dc_min)+\"; d = \"+str(d_min))\n",
    "        tmp = r[i_opt]; r[i_opt] = r[j_opt]; r[j_opt] = tmp; d_min = d_min+dc_min\n",
    "        return True\n",
    "    else: return False\n",
    "\n",
    "def swap3first():\n",
    "    #print(\"Swap 3 cities, apply only the best result\")\n",
    "    global d_min,r, i_opt,j_opt,k_opt,dc_min\n",
    "    dc_min=0 # change in distance\n",
    "    for i in range(1,N-2):\n",
    "        dc_out1 = -d[r[i-1]][r[i]] - d[r[i]][r[i+1]] # r[i] is taken out\n",
    "        j = i+1\n",
    "        dc_out2 = -d[r[j]][r[j+1]] # r[j] is taken out\n",
    "        k = j+1\n",
    "        dc_out3 = -d[r[k]][r[k+1]] # r[k] is taken out\n",
    "        # ijk => kij\n",
    "        dc_in = d[r[i-1]][r[k]] + d[r[k]][r[i]] + d[r[i]][r[j]] + d[r[j]][r[k+1]] # kij\n",
    "        dc = dc_out1+dc_out2+dc_out3+dc_in\n",
    "        if dc < dc_min:\n",
    "            dc_min = dc; i_opt=i; j_opt=j; k_opt=k; v=1; break; #which permutation\n",
    "        # ijk => jki\n",
    "        dc_in = d[r[i-1]][r[j]] + d[r[j]][r[k]] + d[r[k]][r[i]] + d[r[i]][r[k+1]] # jki\n",
    "        dc = dc_out1+dc_out2+dc_out3+dc_in\n",
    "        if dc < dc_min:\n",
    "            dc_min = dc; i_opt=i; j_opt=j; k_opt=k; v=2; break;\n",
    "        # j=i+1, k >= j+2:\n",
    "        for k in range(j+2,N):\n",
    "            dc_out3 = -d[r[k-1]][r[k]] - d[r[k]][r[k+1]] # r[k] is taken out\n",
    "            # ij_k => ki_j\n",
    "            dc_in = d[r[i-1]][r[k]] + d[r[k]][r[i]] + d[r[i]][r[j+1]] + d[r[k-1]][r[j]] + d[r[j]][r[k+1]] # ki_j\n",
    "            dc = dc_out1+dc_out2+dc_out3+dc_in\n",
    "            if dc < dc_min:\n",
    "                dc_min = dc; i_opt=i; j_opt=j; k_opt=k; v=1; break;\n",
    "            # ij_k => jk_i\n",
    "            dc_in = d[r[i-1]][r[j]] + d[r[j]][r[k]] + d[r[k]][r[j+1]] + d[r[k-1]][r[i]] + d[r[i]][r[k+1]] # jk_i\n",
    "            dc = dc_out1+dc_out2+dc_out3+dc_in\n",
    "            if dc < dc_min:\n",
    "                dc_min = dc; i_opt=i; j_opt=j; k_opt=k; v=2; break;\n",
    "            # j >= i+2:\n",
    "        if dc < dc_min: break;\n",
    "        for j in range(i+2,N-1):\n",
    "            dc_out2 = -d[r[j-1]][r[j]]-d[r[j]][r[j+1]] # r[j] is taken out\n",
    "            k = j+1\n",
    "            dc_out3 = -d[r[k]][r[k+1]] # r[k] is taken out\n",
    "            # i_jk => k_ij\n",
    "            dc_in = d[r[i-1]][r[k]] + d[r[k]][r[i+1]] + d[r[j-1]][r[i]] + d[r[i]][r[j]] + d[r[j]][r[k+1]] # k_ij\n",
    "            dc = dc_out1+dc_out2+dc_out3+dc_in\n",
    "            if dc < dc_min:\n",
    "                dc_min = dc; i_opt=i; j_opt=j; k_opt=k; v=1; break;\n",
    "            # i_jk => j_ki\n",
    "            dc_in = d[r[i-1]][r[j]] + d[r[j]][r[i+1]] + d[r[j-1]][r[k]] + d[r[k]][r[i]] + d[r[i]][r[k+1]] # j_ki\n",
    "            dc = dc_out1+dc_out2+dc_out3+dc_in\n",
    "            if dc < dc_min:\n",
    "                dc_min = dc; i_opt=i; j_opt=j; k_opt=k; v=2; break;\n",
    "            # k >= j+2:\n",
    "            for k in range(j+2,N):\n",
    "                dc_out3 = -d[r[k-1]][r[k]]-d[r[k]][r[k+1]] # r[k] is taken out\n",
    "                # i_j_k => k_i_j\n",
    "                dc_in = d[r[i-1]][r[k]] + d[r[k]][r[i+1]] + d[r[j-1]][r[i]] + d[r[i]][r[j+1]] + d[r[k-1]][r[j]] + d[r[j]][r[k+1]] # k_i_j\n",
    "                dc = dc_out1+dc_out2+dc_out3+dc_in\n",
    "                if dc < dc_min:\n",
    "                    dc_min = dc; i_opt=i; j_opt=j; k_opt=k; v=1; break;\n",
    "                # i_j_k => j_k_i\n",
    "                dc_in = d[r[i-1]][r[j]] + d[r[j]][r[i+1]] + d[r[j-1]][r[k]] + d[r[k]][r[j+1]] + d[r[k-1]][r[i]] + d[r[i]][r[k+1]] # j_k_i\n",
    "                dc = dc_out1+dc_out2+dc_out3+dc_in\n",
    "                if dc < dc_min:\n",
    "                    dc_min = dc; i_opt=i; j_opt=j; k_opt=k; v=2; break;\n",
    "            if dc < dc_min: break;\n",
    "        if dc < dc_min: break;\n",
    "    if dc_min<0:\n",
    "        if v==1: # kij\n",
    "            d_min = d_min+dc_min\n",
    "            print(str(r[i_opt])+\",\"+str(r[j_opt])+\",\"+str(r[k_opt])+\"<->\"+str(r[k_opt])+\",\"+str(r[i_opt])+\",\"+str(r[j_opt])+\"; dc=\"+str(dc_min)+\"; d = \"+str(d_min)) #kij\n",
    "            tmp = r[i_opt]; r[i_opt] = r[k_opt]; r[k_opt] = r[j_opt]; r[j_opt] = tmp; \n",
    "        else: # jki\n",
    "            d_min = d_min+dc_min\n",
    "            print(str(r[i_opt])+\",\"+str(r[j_opt])+\",\"+str(r[k_opt])+\"<->\"+str(r[j_opt])+\",\"+str(r[k_opt])+\",\"+str(r[i_opt])+\"; dc=\"+str(dc_min)+\"; d = \"+str(d_min)) #jki\n",
    "            tmp = r[i_opt]; r[i_opt] = r[j_opt]; r[j_opt] = r[k_opt]; r[k_opt] = tmp;\n",
    "        return True\n",
    "    else: return False\n",
    "\n",
    "def swap3best():\n",
    "    #print(\"Swap 3 cities, apply only the best result\")\n",
    "    global d_min,r, i_opt,j_opt,k_opt,dc_min\n",
    "    dc_min=0 # change in distance\n",
    "    for i in range(1,N-2):\n",
    "        dc_out1 = -d[r[i-1]][r[i]] - d[r[i]][r[i+1]] # r[i] is taken out\n",
    "        j = i+1\n",
    "        dc_out2 = -d[r[j]][r[j+1]] # r[j] is taken out\n",
    "        k = j+1\n",
    "        dc_out3 = -d[r[k]][r[k+1]] # r[k] is taken out\n",
    "        # ijk => kij\n",
    "        dc_in = d[r[i-1]][r[k]] + d[r[k]][r[i]] + d[r[i]][r[j]] + d[r[j]][r[k+1]] # kij\n",
    "        dc = dc_out1+dc_out2+dc_out3+dc_in\n",
    "        if dc < dc_min:\n",
    "            dc_min = dc; i_opt=i; j_opt=j; k_opt=k; v=1; #which permutation\n",
    "        # ijk => jki\n",
    "        dc_in = d[r[i-1]][r[j]] + d[r[j]][r[k]] + d[r[k]][r[i]] + d[r[i]][r[k+1]] # jki\n",
    "        dc = dc_out1+dc_out2+dc_out3+dc_in\n",
    "        if dc < dc_min:\n",
    "            dc_min = dc; i_opt=i; j_opt=j; k_opt=k; v=2;\n",
    "        # j=i+1, k >= j+2:\n",
    "        for k in range(j+2,N):\n",
    "            dc_out3 = -d[r[k-1]][r[k]] - d[r[k]][r[k+1]] # r[k] is taken out\n",
    "            # ij_k => ki_j\n",
    "            dc_in = d[r[i-1]][r[k]] + d[r[k]][r[i]] + d[r[i]][r[j+1]] + d[r[k-1]][r[j]] + d[r[j]][r[k+1]] # ki_j\n",
    "            dc = dc_out1+dc_out2+dc_out3+dc_in\n",
    "            if dc < dc_min:\n",
    "                dc_min = dc; i_opt=i; j_opt=j; k_opt=k; v=1;\n",
    "            # ij_k => jk_i\n",
    "            dc_in = d[r[i-1]][r[j]] + d[r[j]][r[k]] + d[r[k]][r[j+1]] + d[r[k-1]][r[i]] + d[r[i]][r[k+1]] # jk_i\n",
    "            dc = dc_out1+dc_out2+dc_out3+dc_in\n",
    "            if dc < dc_min:\n",
    "                dc_min = dc; i_opt=i; j_opt=j; k_opt=k; v=2;\n",
    "            # j >= i+2:\n",
    "        for j in range(i+2,N-1):\n",
    "            dc_out2 = -d[r[j-1]][r[j]]-d[r[j]][r[j+1]] # r[j] is taken out\n",
    "            k = j+1\n",
    "            dc_out3 = -d[r[k]][r[k+1]] # r[k] is taken out\n",
    "            # i_jk => k_ij\n",
    "            dc_in = d[r[i-1]][r[k]] + d[r[k]][r[i+1]] + d[r[j-1]][r[i]] + d[r[i]][r[j]] + d[r[j]][r[k+1]] # k_ij\n",
    "            dc = dc_out1+dc_out2+dc_out3+dc_in\n",
    "            if dc < dc_min:\n",
    "                dc_min = dc; i_opt=i; j_opt=j; k_opt=k; v=1;\n",
    "            # i_jk => j_ki\n",
    "            dc_in = d[r[i-1]][r[j]] + d[r[j]][r[i+1]] + d[r[j-1]][r[k]] + d[r[k]][r[i]] + d[r[i]][r[k+1]] # j_ki\n",
    "            dc = dc_out1+dc_out2+dc_out3+dc_in\n",
    "            if dc < dc_min:\n",
    "                dc_min = dc; i_opt=i; j_opt=j; k_opt=k; v=2;\n",
    "            # k >= j+2:\n",
    "            for k in range(j+2,N):\n",
    "                dc_out3 = -d[r[k-1]][r[k]]-d[r[k]][r[k+1]] # r[k] is taken out\n",
    "                # i_j_k => k_i_j\n",
    "                dc_in = d[r[i-1]][r[k]] + d[r[k]][r[i+1]] + d[r[j-1]][r[i]] + d[r[i]][r[j+1]] + d[r[k-1]][r[j]] + d[r[j]][r[k+1]] # k_i_j\n",
    "                dc = dc_out1+dc_out2+dc_out3+dc_in\n",
    "                if dc < dc_min:\n",
    "                    dc_min = dc; i_opt=i; j_opt=j; k_opt=k; v=1;\n",
    "                # i_j_k => j_k_i\n",
    "                dc_in = d[r[i-1]][r[j]] + d[r[j]][r[i+1]] + d[r[j-1]][r[k]] + d[r[k]][r[j+1]] + d[r[k-1]][r[i]] + d[r[i]][r[k+1]] # j_k_i\n",
    "                dc = dc_out1+dc_out2+dc_out3+dc_in\n",
    "                if dc < dc_min:\n",
    "                    dc_min = dc; i_opt=i; j_opt=j; k_opt=k; v=2;\n",
    "    if dc_min<0:\n",
    "        if v==1: # kij\n",
    "            d_min = d_min+dc_min\n",
    "            print(str(r[i_opt])+\",\"+str(r[j_opt])+\",\"+str(r[k_opt])+\"<->\"+str(r[k_opt])+\",\"+str(r[i_opt])+\",\"+str(r[j_opt])+\"; dc=\"+str(dc_min)+\"; d = \"+str(d_min)) #kij\n",
    "            tmp = r[i_opt]; r[i_opt] = r[k_opt]; r[k_opt] = r[j_opt]; r[j_opt] = tmp; \n",
    "        else: # jki\n",
    "            d_min = d_min+dc_min\n",
    "            print(str(r[i_opt])+\",\"+str(r[j_opt])+\",\"+str(r[k_opt])+\"<->\"+str(r[j_opt])+\",\"+str(r[k_opt])+\",\"+str(r[i_opt])+\"; dc=\"+str(dc_min)+\"; d = \"+str(d_min)) #jki\n",
    "            tmp = r[i_opt]; r[i_opt] = r[j_opt]; r[j_opt] = r[k_opt]; r[k_opt] = tmp;\n",
    "        return True\n",
    "    else: return False\n",
    "\n",
    "# function to get unique values\n",
    "def unique(list1):\n",
    "    unique_list = []\n",
    "    # traverse for all elements\n",
    "    for x in list1:\n",
    "        # check if exists in unique_list or not\n",
    "        if x not in unique_list:\n",
    "            unique_list.append(x)\n",
    "    return unique_list\n",
    "def ver(rv):\n",
    "    global N\n",
    "    if (len(rv) != N+1) or (len(unique(rv)) != N):\n",
    "        print(\"ERROR: incorrect r!\");\n",
    "    else:\n",
    "        print(\"Verification is successful:\\nr =\",rv);\n",
    "        dv=0\n",
    "        for i in range(N):\n",
    "            dv += d[rv[i]][rv[i+1]]\n",
    "        print(\"Distance =\",dv)"
   ]
  },
  {
   "cell_type": "markdown",
   "metadata": {},
   "source": [
    "## Run"
   ]
  },
  {
   "cell_type": "code",
   "execution_count": 37,
   "metadata": {
    "collapsed": true
   },
   "outputs": [
    {
     "name": "stdout",
     "output_type": "stream",
     "text": [
      "d = 12713.0 ; r = [0, 1, 2, 3, 4, 5, 6, 7, 8, 9, 10, 11, 12, 13, 14, 15, 16, 17, 18, 19, 20, 21, 0]\n",
      "i = 2\n",
      "[1 2] -> [2 1]\n",
      "[4 5] -> [5 4]\n",
      "[4 6] -> [6 4]\n",
      "[4 7] -> [7 4]\n",
      "[4 8] -> [8 4]\n",
      "[ 9 10] -> [10  9]\n",
      "[11 12] -> [12 11]\n",
      "[11 13] -> [13 11]\n",
      "[18 19] -> [19 18]\n",
      "[18 20] -> [20 18]\n",
      "d = 9646.4 ; r = [0, 2, 1, 3, 5, 6, 7, 8, 4, 10, 9, 12, 13, 11, 14, 15, 16, 17, 19, 20, 18, 21, 0]\n",
      "[5 6] -> [6 5]\n",
      "[10  9] -> [ 9 10]\n",
      "[16 17] -> [17 16]\n",
      "d = 8959.4 ; r = [0, 2, 1, 3, 6, 5, 7, 8, 4, 9, 10, 12, 13, 11, 14, 15, 17, 16, 19, 20, 18, 21, 0]\n",
      "i = 3\n",
      "[1 3 6] -> [6 1 3]\n",
      "[ 9 10 12] -> [12  9 10]\n",
      "d = 8533.4 ; r = [0, 2, 6, 1, 3, 5, 7, 8, 4, 12, 9, 10, 13, 11, 14, 15, 17, 16, 19, 20, 18, 21, 0]\n",
      "[ 9 10] -> [10  9]\n",
      "[13 11] -> [11 13]\n",
      "d = 8210.4 ; r = [0, 2, 6, 1, 3, 5, 7, 8, 4, 12, 10, 9, 11, 13, 14, 15, 17, 16, 19, 20, 18, 21, 0]\n",
      "[ 8  4 12] -> [12  8  4]\n",
      "d = 8135.0 ; r = [0, 2, 6, 1, 3, 5, 7, 12, 8, 4, 10, 9, 11, 13, 14, 15, 17, 16, 19, 20, 18, 21, 0]\n",
      "[ 7 12] -> [12  7]\n",
      "d = 8031.0 ; r = [0, 2, 6, 1, 3, 5, 12, 7, 8, 4, 10, 9, 11, 13, 14, 15, 17, 16, 19, 20, 18, 21, 0]\n",
      "i = 4\n",
      "[14 15 17 16] -> [16 14 15 17]\n",
      "[14 15 17 19] -> [17 19 14 15]\n",
      "[19 14 15 20] -> [20 19 14 15]\n",
      "[14 15 18 21] -> [18 21 14 15]\n",
      "d = 7084.0 ; r = [0, 2, 6, 1, 3, 5, 12, 7, 8, 4, 10, 9, 11, 13, 16, 17, 20, 19, 18, 21, 14, 15, 0]\n",
      "[17 20 19] -> [20 19 17]\n",
      "[21 14 15] -> [14 15 21]\n",
      "d = 6784.0 ; r = [0, 2, 6, 1, 3, 5, 12, 7, 8, 4, 10, 9, 11, 13, 16, 20, 19, 17, 18, 14, 15, 21, 0]\n",
      "[13 16] -> [16 13]\n",
      "d = 6539.0 ; r = [0, 2, 6, 1, 3, 5, 12, 7, 8, 4, 10, 9, 11, 16, 13, 20, 19, 17, 18, 14, 15, 21, 0]\n",
      "i = 5\n",
      "[2 6 1 3 5] -> [6 1 3 5 2]\n",
      "d = 6342.0 ; r = [0, 6, 1, 3, 5, 2, 12, 7, 8, 4, 10, 9, 11, 16, 13, 20, 19, 17, 18, 14, 15, 21, 0]\n",
      "i = 6\n",
      "[11 16 13 20 19 17] -> [19 17 11 16 13 20]\n",
      "d = 6262.0 ; r = [0, 6, 1, 3, 5, 2, 12, 7, 8, 4, 10, 9, 19, 17, 11, 16, 13, 20, 18, 14, 15, 21, 0]\n",
      "[19 17 11 16 13] -> [17 11 16 13 19]\n",
      "d = 5973.1 ; r = [0, 6, 1, 3, 5, 2, 12, 7, 8, 4, 10, 9, 17, 11, 16, 13, 19, 20, 18, 14, 15, 21, 0]\n",
      "[11 16 13 19] -> [19 11 16 13]\n",
      "d = 5773.1 ; r = [0, 6, 1, 3, 5, 2, 12, 7, 8, 4, 10, 9, 17, 19, 11, 16, 13, 20, 18, 14, 15, 21, 0]\n",
      "i = 7\n",
      "i = 8\n",
      "i = 9\n",
      "[ 6  1  3  5  2 12  7  8  4] -> [ 5  2 12  7  8  4  6  1  3]\n",
      "d = 5585.1 ; r = [0, 5, 2, 12, 7, 8, 4, 6, 1, 3, 10, 9, 17, 19, 11, 16, 13, 20, 18, 14, 15, 21, 0]\n",
      "[ 6  1  3 10  9 17 19 11] -> [10  9 17 19 11  6  1  3]\n",
      "[19 11  6  1  3 16 13 20] -> [ 1  3 16 13 20 19 11  6]\n",
      "d = 5569.1 ; r = [0, 5, 2, 12, 7, 8, 4, 10, 9, 17, 1, 3, 16, 13, 20, 19, 11, 6, 18, 14, 15, 21, 0]\n",
      "[ 1  3 16 13 20 19 11] -> [11  1  3 16 13 20 19]\n",
      "d = 5535.1 ; r = [0, 5, 2, 12, 7, 8, 4, 10, 9, 17, 11, 1, 3, 16, 13, 20, 19, 6, 18, 14, 15, 21, 0]\n",
      "[ 5  2 12  7  8  4] -> [ 2 12  7  8  4  5]\n",
      "d = 5492.1 ; r = [0, 2, 12, 7, 8, 4, 5, 10, 9, 17, 11, 1, 3, 16, 13, 20, 19, 6, 18, 14, 15, 21, 0]\n",
      "[ 2 12  7  8  4] -> [12  7  8  4  2]\n",
      "[11  1  3 16 13] -> [ 1  3 16 13 11]\n",
      "d = 5405.1 ; r = [0, 12, 7, 8, 4, 2, 5, 10, 9, 17, 1, 3, 16, 13, 11, 20, 19, 6, 18, 14, 15, 21, 0]\n",
      "[16 13 11] -> [11 16 13]\n",
      "d = 5230.1 ; r = [0, 12, 7, 8, 4, 2, 5, 10, 9, 17, 1, 3, 11, 16, 13, 20, 19, 6, 18, 14, 15, 21, 0]\n",
      "[1 3] -> [3 1]\n",
      "d = 5115.1 ; r = [0, 12, 7, 8, 4, 2, 5, 10, 9, 17, 3, 1, 11, 16, 13, 20, 19, 6, 18, 14, 15, 21, 0]\n",
      "i = 10\n",
      "[ 5 10  9 17  3  1 11 16 13 20] -> [10  9 17  3  1 11 16 13 20  5]\n",
      "d = 5038.1 ; r = [0, 12, 7, 8, 4, 2, 10, 9, 17, 3, 1, 11, 16, 13, 20, 5, 19, 6, 18, 14, 15, 21, 0]\n",
      "[12  7  8  4  2] -> [ 2 12  7  8  4]\n",
      "d = 4961.1 ; r = [0, 2, 12, 7, 8, 4, 10, 9, 17, 3, 1, 11, 16, 13, 20, 5, 19, 6, 18, 14, 15, 21, 0]\n",
      "i = 11\n",
      "i = 12\n",
      "[10  9 17  3  1 11 16 13 20  5 19  6] -> [ 5 19  6 10  9 17  3  1 11 16 13 20]\n",
      "d = 4908.1 ; r = [0, 2, 12, 7, 8, 4, 5, 19, 6, 10, 9, 17, 3, 1, 11, 16, 13, 20, 18, 14, 15, 21, 0]\n",
      "[ 2 12  7  8  4] -> [12  7  8  4  2]\n",
      "d = 4862.1 ; r = [0, 12, 7, 8, 4, 2, 5, 19, 6, 10, 9, 17, 3, 1, 11, 16, 13, 20, 18, 14, 15, 21, 0]\n",
      "[ 5 19  6 10  9 17  3  1 11 16 13 20] -> [19  6 10  9 17  3  1 11 16 13 20  5]\n",
      "d = 4836.1 ; r = [0, 12, 7, 8, 4, 2, 19, 6, 10, 9, 17, 3, 1, 11, 16, 13, 20, 5, 18, 14, 15, 21, 0]\n",
      "i = 13\n",
      "[ 2 19  6 10  9 17  3  1 11 16 13 20  5] -> [19  6 10  9 17  3  1 11 16 13 20  5  2]\n",
      "d = 4811.1 ; r = [0, 12, 7, 8, 4, 19, 6, 10, 9, 17, 3, 1, 11, 16, 13, 20, 5, 2, 18, 14, 15, 21, 0]\n",
      "i = 14\n",
      "[19  6 10  9 17  3  1 11 16 13 20  5  2 18] -> [18 19  6 10  9 17  3  1 11 16 13 20  5  2]\n",
      "d = 4783.1 ; r = [0, 12, 7, 8, 4, 18, 19, 6, 10, 9, 17, 3, 1, 11, 16, 13, 20, 5, 2, 14, 15, 21, 0]\n",
      "i = 15\n",
      "i = 16\n",
      "[ 4 18 19  6 10  9 17  3  1 11 16 13 20  5  2 14] -> [18 19  6 10  9 17  3  1 11 16 13 20  5  2 14  4]\n",
      "d = 4728.1 ; r = [0, 12, 7, 8, 18, 19, 6, 10, 9, 17, 3, 1, 11, 16, 13, 20, 5, 2, 14, 4, 15, 21, 0]\n",
      "[ 4 15] -> [15  4]\n",
      "d = 4678.1 ; r = [0, 12, 7, 8, 18, 19, 6, 10, 9, 17, 3, 1, 11, 16, 13, 20, 5, 2, 14, 15, 4, 21, 0]\n",
      "[12  7  8 18 19  6 10  9 17  3  1 11 16 13 20  5] -> [19  6 10  9 17  3  1 11 16 13 20  5 12  7  8 18]\n",
      "d = 4659.1 ; r = [0, 19, 6, 10, 9, 17, 3, 1, 11, 16, 13, 20, 5, 12, 7, 8, 18, 2, 14, 15, 4, 21, 0]\n",
      "[12  7  8 18  2 14 15  4 21] -> [ 2 14 15  4 21 12  7  8 18]\n",
      "d = 4449.1 ; r = [0, 19, 6, 10, 9, 17, 3, 1, 11, 16, 13, 20, 5, 2, 14, 15, 4, 21, 12, 7, 8, 18, 0]\n",
      "[14 15  4 21 12  7  8 18] -> [12  7  8 18 14 15  4 21]\n",
      "d = 4308.1 ; r = [0, 19, 6, 10, 9, 17, 3, 1, 11, 16, 13, 20, 5, 2, 12, 7, 8, 18, 14, 15, 4, 21, 0]\n",
      "[ 8 18 14 15  4 21] -> [14 15  4 21  8 18]\n",
      "d = 4292.1 ; r = [0, 19, 6, 10, 9, 17, 3, 1, 11, 16, 13, 20, 5, 2, 12, 7, 14, 15, 4, 21, 8, 18, 0]\n",
      "[14 15  4 21  8] -> [15  4 21  8 14]\n",
      "[15  4 21  8 14] -> [ 8 14 15  4 21]\n",
      "d = 4111.1 ; r = [0, 19, 6, 10, 9, 17, 3, 1, 11, 16, 13, 20, 5, 2, 12, 7, 8, 14, 15, 4, 21, 18, 0]\n",
      "[14 15  4 21] -> [15  4 21 14]\n",
      "d = 3986.1000000000004 ; r = [0, 19, 6, 10, 9, 17, 3, 1, 11, 16, 13, 20, 5, 2, 12, 7, 8, 15, 4, 21, 14, 18, 0]\n",
      "i = 17\n",
      "i = 18\n",
      "i = 19\n",
      "i = 20\n",
      "i = 21\n",
      "i = 22\n",
      "Verification is successful:\n",
      "r = [0, 19, 6, 10, 9, 17, 3, 1, 11, 16, 13, 20, 5, 2, 12, 7, 8, 15, 4, 21, 14, 18, 0]\n",
      "Distance = 3986.1\n",
      "d_oi = 3986.1000000000004\n",
      "r_oi = [0, 19, 6, 10, 9, 17, 3, 1, 11, 16, 13, 20, 5, 2, 12, 7, 8, 15, 4, 21, 14, 18, 0]\n",
      "dm_oi = [12713.0, 11648.4, 11551.4, 10887.4, 10815.4, 10710.4, 10596.4, 10388.4, 10360.4, 10279.4, 9646.4, 9148.4, 9126.4, 8959.4, 8927.4, 8533.4, 8365.4, 8210.4, 8135.0, 8031.0, 7777.0, 7532.0, 7192.0, 7084.0, 6923.0, 6784.0, 6539.0, 6342.0, 6262.0, 5973.1, 5773.1, 5585.1, 5581.1, 5569.1, 5535.1, 5492.1, 5446.1, 5405.1, 5230.1, 5115.1, 5038.1, 4961.1, 4908.1, 4862.1, 4836.1, 4811.1, 4783.1, 4728.1, 4678.1, 4659.1, 4449.1, 4308.1, 4292.1, 4203.1, 4111.1, 3986.1000000000004]\n"
     ]
    },
    {
     "data": {
